SPAX
NAHUA





1 
2 
3 
19738 
0 
1 
-105 
1 
1 
0 
0 
10 
2 
0 
0 
0 
0 
0 
0 
0 
0 
0 
0 
0 
0 
0 
0 
0 
0 
0 
0 
0 
0 
0 
0 
0 
0 
0 
0 
0 
0 
0 
0 
0 
0 
0 
0 
0 
0 
0 
0 
0 
0 
0 
0 
0 
0 
0 
0 
0 
0 
0 
0 
0 
0 
0 
0 
0 
0 
0 
0 
240 
240 
17 
2 
0 
0 
14 
34 
54 
0 
2 
1 
0 
1 
0 
0 
0 
0 
0 
0 
0 
6 
0 
0 
0 
0 
0 
0 
0 
0 
1 
5 
1 
0 
0 
0 
0 
0 
0 
0 
0 
0 
0 
0 
0 
0 
0 
0 
0 
0 
7 
0 
0 
0 
0 
0 
0 
0 
0 
0 
0 
0 
290 
290 
22 
2 
3 
0 
52 
35 
30 
0 
12 
0 
0 
1 
0 
0 
0 
0 
0 
0 
0 
4 
6 
0 
0 
0 
0 
0 
0 
0 
0 
6 
2 
0 
0 
0 
0 
0 
0 
0 
0 
0 
0 
0 
0 
0 
0 
0 
0 
0 
4 
11 
13 
0 
0 
0 
0 
0 
0 
0 
0 
0 
210 
210 
15 
2 
14 
0 
37 
21 
38 
0 
6 
0 
2 
1 
0 
0 
0 
0 
0 
0 
0 
5 
5 
0 
0 
0 
0 
0 
6 
0.2 
0 
7 
0 
0 
0 
0 
0 
0 
0 
0 
0 
0 
0 
0 
0 
0 
0 
0 
0 
0 
3 
2 
12 
0 
0 
0 
0 
0 
0 
0 
0 
0 
118 
118 
4 
1 
12 
0 
12 
14 
22 
0 
0 
0 
0 
1 
0 
0 
0 
0 
0 
0 
0 
2 
0 
0 
0 
0 
0 
0 
0 
0 
0 
3 
1 
0 
0 
0 
0 
0 
0 
0 
0 
0 
0 
0 
0 
0 
0 
0 
0 
0 
2 
8 
9 
0 
0 
0 
0 
0 
0 
0 
0 
0 
100 
100 
100 
69 
1 
41 
25 
65 
24 
70 
32 
69 
2 
42 
13 
68 
0 
67 
0 
2 
0 
2 
0 
42 
0 
42 
0 
999 
0 
34 
23 
31 
36 
18 
34 
30 
7 
54 
27 
53 
34 
24 
33 
50 
33 
23 
51 
26 
50 
25 
50 
6 
50 
16 
9 
19 
22 
17 
25 
5 
25 
10 
26 
1 
24 
3 
25 
2 
15 
9 
13 
0 
9 
0 
8 
0 
22 
0 
22 
0 
11 
0 
10 
0 
2 
0 
1 
0 
0 
0 
0 
0 
0 
0 
0 
0 
0 
0 
0 
0 
0 
0 
0 
0 
0 
0 
0 
0 
0 
0 
0 
0 
0 
0 
0 
0 
0 
0 
0 
0 
0 
0 
0 
0 
0 
23 
1 
8 
11 
22 
39 
34 
1 
39 
15 
28 
11 
41 
3 
25 
34 
3 
9 
12 
3 
2 
13 
1 
3 
2 
62 
67 
28 
68 
38 
29 
2 
70 
33 
1 
1 
70 
42 
43 
41 
33 
0 
0 
0 
0 
0 
0 
0 
0 
0 
0 
0 
0 
0 
0 
0 
0 
0 
0 
0 
0 
0 
0 
0 
0 
0 
0 
0 
0 
0 
0 
0 
0 
250 
12 
3 
0 
1 
7 
20 
20 
10 
10 
1 
0 
5 
201 
17 
0 
0 
0 
0 
0 
0 
0 
0 
0 
0 
0 
0 
0 
1 
0 
0 
0 
0 
0 
0 
0 
0 
0 
1 
0 
0 
0 
0 
1 
0.85 
1 
0 
0 
0 
-10 
0 
1 
1 
1 
0 
0 
0 
1 
2 
1 
0 
22 
0 
0 
0 
0 
0 
0 
13 
281 
21 
0 
0 
0 
0 
0 
0 
12.6333 
2 
2 
2 
0 
0 
757.044 
1110.02 
0 
0 
0 
0 
0 
0 
0 
48 
7 
0 
0 
0 
0 
0 
0 
0 
0 
0 
0 
0 
0 
0 
0 
0 
0 
0 
0 
0 
0 
0 
0 
0 
0 
0 
0 
0 
0 
0 
0 
0 
0 
0 
0 
1 
2 
2 
1 
1 
1 
1 
1 
1 
1 
1 
0 
1 
1 
1 
1 
1 
1 
1 
1 
1 
2 
1 
1 
0 
0 
1 
1 
1 
1 
1 
1 
1 
1 
1 
1 
0 
1 
1 
1 
1 
1 
1 
0 
0 
0 
0 
0 
0 
0 
0 
0 
0 
0 
0 
0 
0 
0 
0 
0 
2 
0 
0 
0 
0 
0 
0 
0 
0 
0 
0 
0 
0 
0 
2 
2 
2 
2 
0 
0 
0 
0 
0 
0 
0 
0 
2 
0 
0 
0 
0 
0 
0 
0 
0 
0 
0 
0 
0 
0 
1 
1 
0 
0 
0 
1 
1 
2 
0 
1 
1 
1 
1 
0 
3 
1 
1 
1 
1 
0 
0 
2 
2 
21 
21 
2 
1 
0 
0 
12 
0 
5 
1 
0 
1 
0 
0 
1 
1 
2 
1 
7 
0 
3 
1 
1 
0 
1 
0 
1 
1 
1 
1 
1 
1 
2 
1 
1 
2 
1 
1 
1 
4 
2 
145 
1 
0 
0 
0 
1 
1 
2 
1 
2 
1 
0 
2 
1 
1 
0 
0 
0 
0 
0 
0 
0 
0 
0 
0 
0 
1 
9 
0 
0 
0 
1 
1 
0 
0 
0 
1 
2 
2 
0 
1 
0 
0 
1 
1 
9 
1 
0 
1 
1 
1 
1 
1 
2 
0 
3 
1 
0 
0 
0 
1 
3 
0 
0 
0 
1 
0 
0 
0 
1 
0 
1 
0 
3 
0 
1 
1 
1 
3 
1 
1 
1 
1 
2 
0 
0 
1 
0 
1 
2 
0 
0 
1 
1 
4 
2 
1 
1 
1 
0 
0 
0 
0 
1 
1 
1 
1 
1 
0 
1 
0 
1 
2 
1 
1 
1 
0 
1 
1 
1 
1 
1 
2 
1 
0 
1 
1 
1 
0 
1 
1 
1 
1 
1 
1 
1 
2 
0 
0 
0 
0 
0 
0 
1 
1 
1 
1 
1 
1 
1 
1 
2 
1 
1 
1 
1 
1 
1 
1 
0 
1 
1 
1 
1 
1 
76 
1 
1 
1 
0 
1 
2 
1 
2 
1 
1 
1 
1 
1 
1 
0 
1 
0 
1 
1 
0 
1 
1 
0 
0 
1 
0 
0 
1 
5 
0 
0 
1 
2 
1 
1 
1 
0 
1 
0 
1 
0 
0 
0 
0 
0 
0 
0 
0 
0 
0 
0 
0 
0 
0 
0 
0 
0 
0 
0 
0 
0 
0 
0 
0 
0 
0 
0 
0 
0 
0 
1 
2 
1 
1 
3 
1 
1 
1 
1 
0 
0 
0 
0 
0 
1 
0 
0 
0 
0 
0 
0 
0 
0 
0 
0 
2 
2 
2 
2 
2 
2 
1 
1 
1 
1 
1 
1 
2 
2 
2 
2 
2 
2 
2 
2 
2 
2 
2 
2 
2 
2 
2 
2 
0 
0 
0 
0 
0 
2 
0 
0 
0 
0 
0 
0 
0 
0 
0 
0 
0 
2 
2 
2 
0 
0 
0 
0 
0 
0 
0 
2 
2 
2 
2 
2 
2 
2 
2 
0 
2 
2 
2 
2 
2 
0 
0 
0 
0 
0 
0 
0 
0 
0 
0 
0 
1 
1 
0 
0 
0 
0 
1 
0 
1 
1 
1 
0 
0 
0 
0 
0 
0 
1 
1 
0 
0 
0 
0 
0 
0 
1 
1 
1 
1 
1 
1 
1 
0 
0 
0 
1 
0 
1 
0 
1 
0 
0 
0 
0 
0 
0 
0 
0 
0 
1 
1 
1 
1 
1 
1 
1 
1 
1 
1 
1 
1 
1 
1 
1 
1 
1 
1 
1 
1 
1 
1 
1 
1 
0 
0 
0 
0 
0 
0 
0 
0 
0 
0 
0 
0 
0 
0 
0 
0 
0 
0 
0 
0 
0 
0 
0 
1 
1 
1 
0 
0 
1 
0 
0 
0 
2 
1 
5 
1 
3 
1 
1 
1 
1 
1 
1 
0 
1 
1 
0 
0 
1 
1 
0 
0 
1 
1 
1 
1 
1 
0 
8 
2 
8 
168.5 
178 
168 
7 
0 
1 
1 
1 
1 
1 
0 
1 
0 
1 
1 
1 
0 
0 
0 
0 
0 
1 
1 
1 
1 
0 
1 
0 
1 
1 
1 
1 
2 
0 
1 
1 
1 
1 
2 
0 
2 
1 
0 
1 
0 
0 
0 
1 
4 
1 
1 
1 
1 
3 
1 
0 
0 
0 
1 
7 
1 
15 
5 
6 
5 
0 
0 
0 
0 
0 
0 
2 
2 
2 
2 
2 
2 
1 
0 
0 
0 
0 
0 
0 
0 
0 
0 
0 
0 
0 
0 
0 
1 
1 
0 
1 
1 
1 
1 
1 
0 
0 
0 
0 
0 
1 
0 
0 
2 
0 
1 
6 
3 
1 
1 
1 
1 
1 
0 
0 
0 
0 
0 
1 
1 
1 
1 
1 
1 
0 
1 
0 
1 
3 
1 
1 
1 
1120 
240 
2720 
760 
600 
400 
760 
480 
840 
480 
-1 
1 
1 
1 
1 
-1 
1 
0 
1 
0 
0 
0 
10000 
3 
4 
1 
1 
0 
0 
3 
0 
0 
0 
0 
2 
1 
0 
0 
1 
0 
0 
3 
1 
7 
1 
1 
0 
0 
0 
0 
0 
0 
0 
0 
1 
1 
0 
0 
0 
0 
0 
0 
0 
0 
0 
1 
0 
0 
0 
0 
0 
0 
0 
0 
0 
0 
0 
0 
1 
0 
0 
0 
0 
0 
0 
0 
0 
0 
0 
0 
0 
0 
0 
0 
0 
0 
0 
0 
0 
0 
0 
0 
0 
0 
0 
0 
0 
0 
0 
0 
0 
0 
0 
0 
0 
0 
0 
0 
0 
0 
0 
0 
0 
0 
0 
0 
1 
0 
1 
1 
4 
0 
0 
0 
0 
6 
3 
8 
10 
0 
0 
0 
1 
0 
1 
0 
0 
0 
0 
4 
0 
1 
1 
2 
1 
1 
1 
1 
3 
0 
0 
0 
0 
0 
1 
1 
1 
1 
15 
15 
0 
1 
9 
3 
1 
0 
0 
0 
1 
6 
1 
0 
1 
2 
0 
97 
1 
0 
0 
0 
1 
1 
1 
0 
0 
0 
0 
0 
1 
1 
0 
0 
1 
0 
0 
2 
0 
1 
1 
0 
1 
1 
0 
3 
1 
2 
4 
1 
1 
1 
0 
0 
0 
3 
1 
2 
0 
0 
0 
0 
0 
0 
0 
480 
216 
2 
1 
0 
1 
3 
0 
0 
0 
1 
0 
0 
4 
1 
1 
1 
0 
0 
0 
0 
0 
1 
1 
1 
1 
1 
0 
1 
0 
1 
1 
17 
0 
50 
2 
2 
1 
1 
2 
0 
0 
1 
1 
0 
1 
1 
1 
1 
1 
1 
1 
1 
1 
1 
0 
1 
1 
1 
1 
0 
0 
3 
0 
4 
5 
0 
2 
1 
1 
1 
1 
1 
0 
0 
1 
1 
1 
0 
2 
1 
0 
0 
1 
192 
0 
28680 
5 
355 
1 
1 
0 
1 
1 
1 
0 
1 
1 
1 
2 
1 
2 
2 
2 
1 
1 
2 
0 
0 
0 
1 
1 
1 
0 
0 
1 
1 
1 
1 
1 
1 
1 
0 
1 
1 
156 
1 
1 
1 
1 
0 
1 
1 
9 
0 
0 
0 
1 
0 
0 
0 
1 
0 
0 
1 
0 
192 
74 
15 
1 
0 
0 
0 
0 
0 
4 
0 
1 
1 
0 
0 
0 
0 
0 
0 
3 
8 
10 
5 
1 
0 
0 
0 
0 
0 
0 
0 
0 
0 
0 
0 
0 
0 
0 
0 
0 
0 
0 
0 
0 
0 
482 
2 
1 
5 
1 
0 
1 
0 
0 
1 
130526 
0 
0 
4 
6 
1 
1 
17979 
3074 
2 
262052 
262143 
2 
2 
2 
0 
1 
1 
1 
2 
1 
1 
0 
2 
3 
2 
2 
1 
2 
0 
6 
0 
3 
0 
1 
1 
1 
1 
1 
1023 
1 
1 
3 
0 
0 
0 
1 
0 
1 
0 
-1 
236552 
1 
1 
57 
3328 
0 
0 
6 
1 
6270 
16383 
1 
1 
1 
0 
0 
0 
0 
1 
1 
1 
3 
0 
114687 
16382 
8191 
1 
1 
0 
2 
2 
0 
1 
1 
1 
1 
1 
1 
2 
1 
3 
1 
1 
1 
0 
1 
1 
0 
1 
1 
286 
2 
1 
5 
0 
0 
1 
1 
1 
0 
4 
7 
6 
4 
6 
0 
1 
1 
0 
65527 
1 
0 
1 
17 
1 
1 
1 
0 
1 
602 
4 
65534 
1 
0 
0 
1 
1 
0 
1 
1 
0 
0 
0 
100 
100 
1 
1 
0 
1 
0 
0 
3 
0 
0 
1 
0 
0 
1 
0 
0 
2 
2 
2 
2 
2 
2 
0 
2 
2 
2 
2 
2 
2 
2 
2 
0 
0 
0 
0 
0 
0 
0 
0 
0 
0 
0 
0 
0 
0 
1 
2 
2 
1 
1 
1 
1 
2 
1 
1 
1 
1 
2 
1 
3 
1 
1 
1 
0 
1 
0 
1 
0 
0 
206 
332 
3 
0 
0 
1 
1 
1 
1 
2 
1 
1 
1 
1 
1 
1 
1 
0 
0 
0 
0 
1 
0 
1 
1 
0 
1 
0 
1 
1 
1 
1 
1 
1 
11 
0 
14 
1 
1 
0 
0 
1 
1 
1 
0 
1 
1 
1 
2 
8 
0 
0 
1 
1 
1 
93 
0 
0 
1 
0 
262143 
63042 
1 
1 
1 
1 
1 
0 
1 
1 
4 
2 
1 
2 
0 
1 
1 
1 
1 
1 
0 
0 
2 
1 
0 
1 
1 
0 
1 
1 
0 
1 
1 
1 
0 
2 
1 
1 
1 
1 
0 
0 
0 
4 
0 
1 
1 
0 
1 
1 
1 
1 
0 
2 
1 
1 
1 
1 
1 
3 
0 
1 
1 
1 
1 
1 
0 
0 
1 
0 
1 
1 
0 
0 
0 
0 
0 
0 
0 
0 
1 
1 
0 
0 
0 
0 
0 
0 
0 
20340 
0 
0 
0 
0 
0 
0 
0 
0 
0 
0 
0 
0 
0 
0 
1 
1 
1 
0 
1 
1 
16128 
1 
1 
1 
629 
40 
160 
0 
1 
1 
0 
0 
0 
0 
0 
1 
0 
0 
0 
0 
0 
1024 
0 
0 
0 
0 
1 
1 
1 
1 
0 
1 
2 
0 
1 
1 
1 
523298 
1 
0 
0 
0 
0 
64447 
1 
0 
0 
0 
0 
0 
1357 
300 
0 
1 
1 
7 
1 
1 
1 
1 
1 
5 
0 
1 
0 
1 
1 
1 
22 
259 
7 
1 
1 
0 
1 
1 
1 
3 
1 
1 
2 
1 
1 
1 
1 
1 
2 
2 
3 
2 
2 
2 
2 
0 
2 
2 
0 
2 
2 
2 
2 
3 
2 
2 
2 
0 
1 
1 
1 
1 
0 
0 
0 
0 
0 
0 
1 
1 
1 
1 
1 
1 
1 
6 
1027 
1 
0 
0 
0 
2 
2 
262143 
0 
1 
1 
1 
1 
1 
1 
1 
1 
1 
1 
1 
65 
2 
1 
1 
1 
324 
16602 
39 
5 
0 
0 
0 
2 
1 
0 
1 
0 
65527 
5461 
1 
467.8 
524286 
105 
3 
1 
1 
0 
0 
1 
3073 
1 
1 
1 
1 
1 
0 
0 
1 
0 
2 
31 
4 
32 
1 
1 
0 
326 
422 
1 
0 
1 
2 
0 
56351 
4095 
4095 
0 
0 
0 
0 
0 
0 
1 
4 
0 
0 
2269 
2107 
0 
1 
2 
1 
0 
0 
0 
0 
0 
0 
0 
0 
0 
0 
0 
0 
0 
0 
0 
0 
0 
0 
0 
0 
0 
0 
0 
0 
0 
0 
0 
0 
0 
0 
0 
0 
0 
0 
0 
0 
0 
0 
0 
0 
0 
0 
0 
0 
0 
0 
0 
0 
0 
0 
0 
0 
0 
0 
0 
0 
0 
0 
0 
0 
0 
0 
0 
0 
0 
0 
0 
0 
0 
0 
0 
0 
0 
0 
0 
0 
0 
0 
0 
0 
0 
0 
0 
0 
0 
0 
0 
0 
0 
0 
0 
0 
0 
0 
0 
0 
0 
0 
0 
0 
0 
0 
0 
0 
0 
0 
0 
0 
0 
0 
0 
0 
0 
0 
0 
0 
0 
0 
0 
0 
0 
0 
0 
0 
0 
0 
0 
0 
0 
0 
0 
0 
0 
0 
0 
0 
0 
0 
0 
0 
0 
0 
0 
0 
0 
0 
0 
0 
0 
0 
0 
0 
0 
0 
0 
0 
0 
0 
0 
0 
0 
0 
0 
0 
0 
0 
0 
0 
0 
0 
0 
0 
0 
0 
0 
0 
0 
0 
0 
0 
0 
0 
0 
0 
0 
0 
0 
0 
0 
0 
0 
0 
0 
0 
0 
0 
0 
0 
0 
0 
0 
0 
0 
0 
0 
0 
0 
0 
0 
0 
0 
0 
0 
0 
0 
0 
0 
0 
0 
0 
0 
0 
0 
0 
0 
0 
0 
0 
0 
0 
0 
0 
0 
0 
0 
0 
0 
0 
0 
0 
0 
0 
0 
0 
0 
0 
0 
0 
0 
0 
0 
0 
0 
0 
0 
0 
0 
0 
0 
0 
0 
0 
0 
0 
0 
0 
0 
0 
0 
0 
0 
0 
0 
0 
0 
0 
0 
0 
0 
0 
0 
0 
0 
0 
0 
0 
0 
0 
0 
0 
0 
0 
0 
0 
0 
0 
0 
0 
0 
0 
0 
0 
0 
0 
0 
0 
0 
0 
0 
0 
0 
0 
0 
0 
0 
0 
0 
0 
0 
0 
0 
0 
0 
0 
0 
0 
0 
0 
0 
0 
0 
0 
0 
0 
0 
0 
0 
0 
0 
0 
0 
0 
0 
0 
0 
0 
0 
0 
0 
0 
0 
0 
0 
0 
0 
0 
0 
0 
0 
0 
0 
0 
0 
0 
0 
0 
0 
0 
0 
0 
0 
0 
0 
0 
0 
0 
0 
0 
0 
0 
0 
0 
0 
0 
0 
0 
0 
0 
0 
0 
0 
0 
0 
0 
0 
0 
0 
0 
0 
0 
0 
0 
0 
0 
0 
0 
0 
0 
0 
0 
0 
0 
0 
0 
0 
0 
0 
0 
0 
0 
0 
0 
0 
0 
0 
0 
0 
0 
0 
0 
0 
0 
0 
0 
0 
0 
0 
0 
0 
0 
0 
0 
0 
0 
0 
0 
0 
0 
0 
0 
0 
0 
0 
0 
0 
0 
0 
0 
0 
0 
0 
0 
0 
0 
0 
0 
0 
0 
0 
0 
0 
0 
0 
0 
0 
0 
0 
0 
0 
0 
0 
0 
0 
0 
0 
0 
0 
0 
0 
0 
0 
0 
0 
0 
0 
0 
0 
0 
0 
0 
0 
0 
0 
0 
0 
0 
0 
0 
0 
0 
0 
0 
0 
0 
0 
0 
0 
0 
0 
0 
0 
0 
0 
0 
0 
0 
0 
0 
0 
0 
0 
0 
0 
0 
0 
0 
0 
0 
0 
0 
0 
0 
0 
0 
0 
0 
0 
0 
0 
0 
0 
0 
0 
0 
0 
0 
0 
0 
0 
0 
0 
0 
0 
0 
0 
0 
0 
0 
0 
0 
0 
0 
0 
0 
0 
0 
0 
0 
0 
0 
0 
0 
0 
0 
0 
0 
0 
0 
0 
0 
475 
50000 
4.23834e+06 